              precision    recall  f1-score   support

         0.0       0.96      0.99      0.98       980
         1.0       0.97      1.00      0.98      1135
         2.0       0.98      0.97      0.98      1032
         3.0       0.98      0.97      0.97      1010
         4.0       0.99      0.96      0.97       982
         5.0       0.98      0.96      0.97       892
         6.0       0.98      0.99      0.98       958
         7.0       0.97      0.96      0.97      1028
         8.0       0.97      0.96      0.97       974
         9.0       0.95      0.96      0.95      1009

   micro avg       0.97      0.97      0.97     10000
   macro avg       0.97      0.97      0.97     10000
weighted avg       0.97      0.97      0.97     10000

[[ 975    1    0    0    0    0    3    1    0    0]
 [   0 1131    2    0    0    0    2    0    0    0]
 [  10    2 1006    1    1    0    0    8    4    0]
 [   3    1    3  975    1    9    0    6    9    3]
 [   3    2    0    0  943    0    6    1    2   25]
 [   6    0    0    7    1  860    7    2    6    3]
 [   4    2    0    0    2    2  948    0    0    0]
 [   2   12    6    0    0    0    0  992    0   16]
 [   6    3    3    9    3    5    4    3  934    4]
 [   9    8    2    6    4    3    1    6    4  966]]
